21                       
19000  10000  
18000  10000             
32000  10000           
21000  10000                       
14001  10000
19001  10000  
18001  10000             
32001  10000           
21000  20000                       
14000  20000
19000  30000  
18000  30000             
32000  30000           
21000  30000                       
14000  30000
  10000  19000
 10000     18000         
  10000     32000      
  10000      21000                
 10000 14000 
 20000  19000 
  20000  18000           
  20000 32000          
  20000     21000                  
  20000 14000

